#08/19/20-20:09:54
initial_pose_x: 4.67961637962
initial_pose_y: -1.43430632941
initial_pose_z: 0.0
